[?25l[0m[38;2;35;40;43;48;2;33;40;43m┄[38;2;32;41;44;48;2;36;41;44m⠍[38;2;50;49;46;48;2;36;41;43m[38;2;112;90;70;48;2;37;42;45m[38;2;139;117;97;48;2;42;46;46m[38;2;55;53;52;48;2;127;104;79m[38;2;65;60;53;48;2;74;67;58m[38;2;76;68;58;48;2;118;106;90m[38;2;132;112;91;48;2;98;84;73m[38;2;148;125;102;48;2;70;64;56m[38;2;51;48;45;48;2;72;66;58m⣰[38;2;60;57;47;48;2;48;47;45m[38;2;54;49;44m[38;2;55;48;45;48;2;49;48;46m[38;2;100;80;67;48;2;57;52;48m[38;2;125;102;77;48;2;68;58;50m[38;2;127;98;84;48;2;84;67;55m[38;2;97;77;62;48;2;144;115;91m[38;2;148;115;94;48;2;103;82;63m[38;2;109;83;69;48;2;145;112;89m[38;2;122;94;77;48;2;222;185;162m[38;2;156;129;107;48;2;223;189;163m[38;2;186;160;140;48;2;222;187;159m[38;2;164;135;111;48;2;223;187;161m[38;2;219;183;156;48;2;224;190;162m⠉[38;2;225;190;163;48;2;216;181;153m⣆[38;2;98;81;67;48;2;221;190;162m[38;2;98;84;71;48;2;221;193;169m[38;2;52;40;28;48;2;221;188;162m[38;2;43;40;39;48;2;220;188;162m[38;2;219;189;165;48;2;55;37;34m[38;2;142;117;92;48;2;218;190;166m[38;2;98;85;70;48;2;39;44;44m[38;2;45;45;47;48;2;38;40;44m[38;2;38;41;44;48;2;37;40;44m[38;2;38;39;43;48;2;36;40;43m[38;2;209;185;164;48;2;38;39;41m[38;2;208;186;163;48;2;210;185;163m[38;2;207;185;163;48;2;208;186;164m[38;2;178;161;138;48;2;206;184;161m[38;2;129;124;97;48;2;201;181;159m[38;2;132;119;100;48;2;181;165;142m[38;2;161;143;122;48;2;118;108;88m[38;2;153;137;107;48;2;105;98;78m[38;2;125;114;94;48;2;92;89;73m[38;2;129;117;98;48;2;90;88;75m[38;2;110;105;83;48;2;91;88;75m[38;2;90;88;74;48;2;107;100;84m[38;2;99;94;76;48;2;79;79;67m[38;2;75;75;63;48;2;72;72;60m[38;2;72;70;59;48;2;69;69;58m[38;2;77;75;62;48;2;67;68;58m[38;2;74;74;63;48;2;64;65;57m[38;2;68;68;60;48;2;63;65;56m⣀[38;2;69;69;61;48;2;62;63;57m[38;2;62;63;57;48;2;102;98;81m[38;2;107;102;84;48;2;62;67;55m[38;2;84;81;68;48;2;63;64;59m[38;2;57;58;55;48;2;60;61;56m[38;2;59;60;56;48;2;56;56;54m[38;2;56;59;54;48;2;53;56;53m▕[38;2;58;61;55;48;2;54;56;54m[38;2;50;52;51;48;2;52;53;52m⢸[38;2;58;63;57;48;2;50;52;51m⢸[38;2;56;58;55;48;2;52;52;52m▍[38;2;67;69;62;48;2;58;62;57m[38;2;78;79;71;48;2;60;65;60m[38;2;60;64;57;48;2;82;83;72m[38;2;47;49;49;48;2;34;40;43m[38;2;41;45;46;48;2;32;38;42m[38;2;43;44;47;48;2;34;40;45m[38;2;32;39;43;48;2;33;39;43m[38;2;33;38;43;48;2;32;39;43m[38;2;36;40;43;48;2;32;38;42m[48;2;40;41;43m[38;2;48;46;45;48;2;41;42;45m[38;2;56;49;46;48;2;41;42;44m[38;2;44;44;44;48;2;33;39;44m▍[38;2;34;39;43;48;2;33;39;43m[0m
[38;2;105;86;74;48;2;37;42;45m[38;2;38;43;46;48;2;89;73;56m[38;2;47;47;45;48;2;76;67;63m[38;2;81;73;62;48;2;58;55;49m[38;2;124;103;85;48;2;66;62;56m[38;2;153;127;102;48;2;83;72;65m[38;2;72;65;57;48;2;59;57;50m[38;2;72;62;53;48;2;58;54;44m[38;2;66;58;51;48;2;46;46;44m⢄[38;2;65;61;51;48;2;46;45;41m[38;2;88;73;62;48;2;61;53;48m[38;2;100;81;63;48;2;66;58;51m[38;2;65;54;48;48;2;56;49;47m[38;2;58;52;48;48;2;72;58;50m[38;2;102;75;64;48;2;78;63;53m⠩[38;2;114;86;66;48;2;83;65;53m[38;2;113;82;66;48;2;88;69;60m[38;2;114;82;62;48;2;78;58;54m[38;2;173;125;93;48;2;100;71;57m[38;2;179;136;102;48;2;140;93;72m[38;2;215;170;132;48;2;134;107;85m[38;2;212;168;137;48;2;228;184;153m[38;2;215;171;141;48;2;231;192;161m[38;2;227;193;164;48;2;221;181;147m[38;2;100;85;74;48;2;228;194;166m[38;2;64;48;42;48;2;228;194;165m[38;2;102;80;67;48;2;222;188;163m[38;2;230;192;168;48;2;223;189;162m[38;2;219;188;162;48;2;223;189;164m[38;2;220;188;162;48;2;221;189;164m[38;2;220;190;166;48;2;220;190;164m⠉[38;2;228;208;183;48;2;220;190;166m▕[38;2;41;43;43;48;2;209;183;156m[38;2;41;42;44;48;2;40;41;44m[38;2;38;40;44;48;2;39;41;43m[38;2;37;40;43;48;2;39;40;44m[38;2;212;187;165;48;2;38;39;42m[38;2;213;190;168;48;2;208;183;161m▏[38;2;206;184;161;48;2;207;185;163m[38;2;197;175;151;48;2;205;184;161m[38;2;186;166;143;48;2;205;183;160m⎺[38;2;172;155;132;48;2;201;181;157m[38;2;196;176;152;48;2;150;137;112m⣉[38;2;132;121;100;48;2;185;164;139m[38;2;184;166;137;48;2;160;143;120m[38;2;187;169;143;48;2;139;129;108m[38;2;144;130;106;48;2;94;90;75m[38;2;92;89;72;48;2;78;76;63m[38;2;73;72;62;48;2;92;89;73m[38;2;71;70;58;48;2;73;72;61m[38;2;68;68;58;48;2;74;74;62m[38;2;68;69;59;48;2;74;74;63m[38;2;76;77;63;48;2;66;66;57m[38;2;68;68;60;48;2;67;67;58m[38;2;84;84;70;48;2;69;69;60m⠴[38;2;68;69;61;48;2;89;88;76m[38;2;103;102;80;48;2;67;68;60m[38;2;74;74;65;48;2;67;66;60m[38;2;59;59;55;48;2;65;66;58m[38;2;56;56;55;48;2;66;67;61m[38;2;60;62;57;48;2;53;55;52m▕[38;2;56;55;53;48;2;66;68;59m[38;2;50;51;51;48;2;53;53;52m[38;2;79;80;72;48;2;58;60;56m[38;2;52;52;51;48;2;54;54;54m┠[38;2;82;83;73;48;2;61;63;58m[38;2;111;113;97;48;2;80;80;73m⣈[38;2;81;81;74;48;2;38;41;44m[38;2;33;39;43;48;2;36;41;45m[38;2;42;44;44;48;2;36;39;43m[38;2;34;40;43;48;2;36;39;44m[38;2;33;39;43;48;2;34;39;43m[48;2;33;39;42m[38;2;36;40;43;48;2;33;39;43m[48;2;42;42;44m[38;2;54;49;47;48;2;41;42;44m[38;2;67;56;50;48;2;50;48;48m[38;2;63;53;49;48;2;34;39;42m▍[38;2;45;43;45;48;2;36;39;44m▍[38;2;33;39;43;48;2;34;40;44m[0m
[38;2;137;114;93;48;2;106;92;78m[38;2;122;100;79;48;2;147;120;95m[38;2;136;123;107;48;2;50;51;51m[38;2;61;57;51;48;2;43;43;43m[38;2;112;92;76;48;2;64;61;56m[38;2;59;53;47;48;2;54;48;43m=[38;2;114;98;84;48;2;42;43;45m[38;2;90;74;61;48;2;41;42;43m⣤[38;2;43;45;45;48;2;72;59;50m[38;2;74;64;56;48;2;47;47;47m[38;2;48;46;44;48;2;60;51;47m[38;2;115;80;60;48;2;56;50;47m[38;2;108;78;58;48;2;59;50;47m[38;2;109;76;59;48;2;70;56;49m[38;2;117;77;61;48;2;70;56;48m[38;2;155;108;76;48;2;75;58;49m[38;2;98;66;51;48;2;169;116;79m[38;2;90;68;53;48;2;186;135;110m⠓[38;2;106;83;68;48;2;233;182;140m⠚[38;2;156;115;85;48;2;224;169;127m[38;2;140;106;81;48;2;210;164;125m[38;2;141;106;81;48;2;212;162;124m[38;2;145;109;83;48;2;219;168;128m[38;2;137;101;76;48;2;212;158;119m[38;2;211;173;143;48;2;143;100;70m[38;2;161;118;86;48;2;220;180;147m[38;2;192;156;126;48;2;142;109;84m[38;2;167;125;88;48;2;214;183;154m[38;2;69;51;41;48;2;186;156;122m[38;2;129;100;78;48;2;206;173;145m[38;2;164;128;104;48;2;219;187;161m[38;2;148;129;116;48;2;220;191;166m[38;2;194;174;142;48;2;41;42;44m[38;2;41;42;44;48;2;40;41;43m![38;2;39;40;42;48;2;39;40;44m[38;2;39;40;43m[38;2;39;40;41;48;2;214;181;153m▊[38;2;212;189;166;48;2;207;183;159m[38;2;206;182;159;48;2;206;183;160m[38;2;205;183;161;48;2;204;182;159m[38;2;175;160;133;48;2;202;182;158m[38;2;118;112;83;48;2;201;180;159m[38;2;108;105;80;48;2;199;179;158m[38;2;195;176;153;48;2;98;92;74m[38;2;89;86;69;48;2;174;156;130m⣤[38;2;81;77;65;48;2;134;123;102m[38;2;80;77;64;48;2;99;93;72m[38;2;81;78;64;48;2;73;73;62m⠓[38;2;74;73;62;48;2;71;70;58m⠃[38;2;68;68;58;48;2;72;71;59m[38;2;65;64;57;48;2;69;69;59m[38;2;65;65;58;48;2;70;70;60m⢃[38;2;85;86;71;48;2;68;69;58m[38;2;82;83;68;48;2;70;70;60m[38;2;70;70;59;48;2;61;63;57m[38;2;75;75;64;48;2;69;68;59m[38;2;67;67;58;48;2;85;83;71m⣤[38;2;63;64;58;48;2;76;78;65m[38;2;68;66;59;48;2;59;60;55m[38;2;56;57;52;48;2;68;68;57m[38;2;56;56;55;48;2;54;54;52m[38;2;68;69;62;48;2;55;56;53m[38;2;52;53;52;48;2;50;50;50m[38;2;68;69;63;48;2;51;53;53m[38;2;78;76;65;48;2;51;50;50m[38;2;93;88;77;48;2;61;62;57m[38;2;111;107;95;48;2;40;41;43m[38;2;39;41;45;48;2;36;40;44m[38;2;40;42;44m[38;2;36;40;44;48;2;37;41;44m[38;2;37;41;44;48;2;36;40;44m[38;2;33;40;43;48;2;36;40;43m[38;2;41;42;45m[38;2;43;43;44;48;2;39;41;44m[38;2;43;43;43;48;2;64;53;49m[38;2;37;40;43;48;2;65;53;49m[38;2;57;53;49;48;2;40;43;45m[38;2;74;58;50;48;2;37;40;43m▏[38;2;48;46;45;48;2;34;40;43m▍[38;2;35;40;43;48;2;33;39;43m[0m
[38;2;133;114;85;48;2;94;79;65m[38;2;132;108;84;48;2;95;85;72m●[38;2;81;67;56;48;2;114;92;76m[38;2;78;71;64;48;2;132;111;89m[38;2;97;77;63;48;2;53;52;51m[38;2;91;71;54;48;2;47;47;43m[38;2;82;70;54;48;2;51;50;48m[38;2;124;102;80;48;2;84;70;56m[38;2;169;132;102;48;2;103;80;65m[38;2;98;73;59;48;2;163;124;90m[38;2;163;124;95;48;2;91;68;57m[38;2;119;84;65;48;2;181;137;102m[38;2;150;105;79;48;2;200;158;124m⠉[38;2;228;186;152;48;2;177;126;98m[38;2;177;129;95;48;2;227;187;152m[38;2;207;159;121;48;2;233;191;156m[38;2;238;195;158;48;2;209;154;120m[38;2;230;182;141;48;2;245;203;164m[38;2;248;211;171;48;2;244;202;162m[38;2;246;204;165;48;2;249;214;177m[38;2;249;221;184;48;2;248;210;167m[38;2;235;187;146;48;2;246;203;161m[38;2;226;177;137;48;2;240;191;149m[38;2;228;175;133;48;2;194;145;105m[38;2;219;172;128;48;2;165;118;83m[38;2;184;136;104;48;2;163;117;84m[38;2;191;151;118;48;2;154;110;75m⠘[38;2;198;158;121;48;2;175;131;97m[38;2;221;185;155;48;2;211;173;139m[38;2;221;187;158;48;2;224;189;161m⠉[38;2;222;188;161;48;2;220;186;159m[38;2;226;195;166;48;2;221;187;160m[38;2;193;153;122;48;2;42;43;43m▍[38;2;41;42;43;48;2;40;41;43m[38;2;40;41;43;48;2;39;41;44m[38;2;39;40;44;48;2;39;40;43m[38;2;38;39;41;48;2;180;154;131m▊[38;2;209;182;155;48;2;204;179;155m▏[38;2;204;180;157;48;2;203;179;155m[38;2;199;177;155;48;2;162;145;116m[38;2;200;178;155;48;2;140;129;102m⠋[38;2;137;122;98;48;2;113;104;83m[38;2;97;90;72;48;2;103;95;74m[38;2;105;100;78;48;2;91;85;70m[38;2;83;80;65;48;2;88;82;66m[38;2;82;79;64;48;2;77;74;62m[38;2;77;74;61;48;2;74;72;61m[38;2;75;72;61;48;2;72;71;59m[38;2;69;68;58;48;2;72;70;60m[38;2;72;70;58;48;2;69;68;58m[38;2;65;66;59;48;2;69;69;59m[38;2;66;66;59;48;2;71;70;59m[38;2;72;72;60;48;2;70;70;59m[38;2;70;70;60;48;2;72;72;60m[38;2;73;72;62;48;2;68;69;59m[38;2;67;68;59;48;2;71;70;60m⣘[38;2;67;67;59;48;2;65;65;57m[38;2;71;72;61;48;2;64;63;57m[38;2;59;59;54;48;2;62;62;56m[38;2;58;59;53;48;2;63;63;55m[38;2;53;53;52;48;2;54;54;52m[38;2;55;55;53;48;2;53;53;51m[38;2;51;52;50;48;2;50;50;50m[38;2;50;50;49;48;2;72;72;67m[38;2;83;81;73;48;2;50;50;48m[38;2;42;43;46;48;2;62;63;57m[38;2;88;81;71;48;2;38;40;44m[38;2;41;43;45;48;2;37;41;44m[38;2;40;43;44m[38;2;34;39;42m[38;2;37;40;44;48;2;36;40;43m⢁[38;2;43;44;45;48;2;37;41;44m[38;2;64;53;48;48;2;44;44;44m[38;2;64;54;48;48;2;44;42;43m[38;2;40;41;44;48;2;65;56;49m[38;2;39;42;43;48;2;36;40;43m[38;2;68;59;55;48;2;34;39;42m▕[38;2;62;57;47;48;2;37;40;44m▏[38;2;51;46;46;48;2;33;40;43m▏[38;2;32;39;43;48;2;34;40;43m[0m
[38;2;39;43;46;48;2;81;72;60m[38;2;83;72;60;48;2;39;43;44m⠉[38;2;52;52;47;48;2;41;43;44m[38;2;47;47;42;48;2;100;86;77m[38;2;64;58;53;48;2;88;75;61m[38;2;100;81;69;48;2;69;60;53m[38;2;163;127;100;48;2;106;86;64m[38;2;156;123;95;48;2;89;72;60m[38;2;111;88;74;48;2;162;125;100m[38;2;177;140;111;48;2;139;105;81m[38;2;190;150;120;48;2;119;89;67m[38;2;142;105;71;48;2;202;159;124m[38;2;180;128;100;48;2;220;177;143m[38;2;224;181;149;48;2;227;186;155m[38;2;233;190;158;48;2;231;188;156m[38;2;238;195;161;48;2;236;193;159m[38;2;242;199;164;48;2;239;196;161m[38;2;244;201;165;48;2;247;205;167m[38;2;250;210;168;48;2;242;199;143m[38;2;249;227;194;48;2;249;200;150m[38;2;252;220;181;48;2;248;246;239m[38;2;248;225;198;48;2;249;210;164m[38;2;226;176;121;48;2;242;200;159m[38;2;242;200;160;48;2;221;167;116m[38;2;240;197;162;48;2;231;181;138m[38;2;208;158;120;48;2;238;193;158m[38;2;187;137;100;48;2;226;187;156m⠉[38;2;205;159;122;48;2;228;192;159m[38;2;220;183;152;48;2;225;190;160m[38;2;224;190;162;48;2;223;188;160m[38;2;219;187;159;48;2;221;187;160m[38;2;217;186;158;48;2;218;187;159m_[38;2;224;193;164;48;2;41;41;41m▍[38;2;41;42;44;48;2;40;41;43m[38;2;40;41;44m⢰[38;2;39;40;44;48;2;38;40;44m[38;2;73;66;60;48;2;39;39;41m[38;2;63;62;56;48;2;202;177;155m[38;2;194;171;148;48;2;201;175;153m[38;2;199;175;152;48;2;168;148;124m[38;2;166;149;125;48;2;194;172;149m[38;2;146;131;104;48;2;190;170;146m[38;2;122;108;88;48;2;179;161;133m[38;2;102;94;75;48;2;136;125;98m[38;2;129;115;94;48;2;84;78;64m[38;2;122;109;84;48;2;79;76;63m[38;2;77;73;63;48;2;74;72;60m[38;2;73;70;59;48;2;72;70;59m[38;2;69;67;58;48;2;73;70;59m[38;2;68;67;57;48;2;72;71;60m[38;2;68;67;59m[38;2;72;70;59;48;2;69;69;58m[38;2;68;67;57;48;2;71;70;58m⣠[38;2;65;65;56;48;2;68;67;58m⣀[38;2;70;70;60;48;2;65;65;58m[38;2;79;76;64m⠄[38;2;72;68;60;48;2;64;64;57m[38;2;61;62;55;48;2;70;69;58m⠙[38;2;72;68;64;48;2;59;60;55m[38;2;57;56;52;48;2;60;60;55m[38;2;52;52;50;48;2;54;54;51m[38;2;54;54;51;48;2;52;52;50m[38;2;51;51;49;48;2;49;49;49m[48;2;73;71;64m[38;2;94;88;73;48;2;49;49;49m[38;2;41;43;45;48;2;61;61;56m[38;2;114;108;89;48;2;41;42;44m⣀[38;2;93;88;74;48;2;38;42;45m⣀[38;2;97;90;77m[38;2;93;88;72;48;2;38;41;44m[38;2;45;45;45;48;2;40;42;45m[38;2;64;52;47;48;2;45;44;45m[38;2;49;46;45;48;2;73;60;52m[38;2;67;55;51;48;2;39;43;44m▏[38;2;66;55;49;48;2;37;41;44m[38;2;39;41;44;48;2;36;40;43m[38;2;76;63;57m▕[38;2;34;39;41;48;2;48;46;46m[38;2;44;44;46;48;2;36;40;43m▏[38;2;34;39;42m[0m
[38;2;72;61;58;48;2;38;43;46m[38;2;109;90;78;48;2;40;41;43m[38;2;136;112;88;48;2;52;50;49m[38;2;72;64;57;48;2;123;102;78m[38;2;102;82;62;48;2;136;111;91m[38;2;156;123;97;48;2;103;83;71m[38;2;168;133;105;48;2;134;103;78m[38;2;183;153;120;48;2;156;128;102m[38;2;191;155;122;48;2;146;112;89m[38;2;158;126;94;48;2;184;149;116m[38;2;117;89;68;48;2;194;154;119m[38;2;206;167;136;48;2;149;109;77m[38;2;182;138;107;48;2;217;174;140m[38;2;225;181;147;48;2;158;114;83m[38;2;176;131;98;48;2;231;187;151m[38;2;195;149;114;48;2;233;188;154m[38;2;233;190;155;48;2;237;194;159m[38;2;242;199;162m[38;2;239;196;161;48;2;245;203;164m[38;2;240;198;162;48;2;245;206;165m[38;2;248;209;167;48;2;241;198;162m[38;2;232;180;128;48;2;241;199;161m[38;2;239;198;162;48;2;244;202;164m[38;2;236;194;160;48;2;241;199;164m[38;2;237;197;162;48;2;233;193;158m[38;2;230;190;158;48;2;233;194;161m[38;2;229;191;159;48;2;226;190;158m[38;2;223;187;156;48;2;226;190;159m⣠[38;2;221;186;156;48;2;223;188;159m[38;2;221;187;158;48;2;219;185;157m[38;2;219;185;158;48;2;217;184;156m[38;2;214;183;155;48;2;216;185;157m[38;2;218;188;160;48;2;42;43;45m▍[38;2;39;40;44;48;2;41;42;44m[38;2;38;40;44;48;2;39;41;45m[38;2;37;40;43;48;2;39;40;44m[38;2;29;37;39;48;2;39;40;42m▕[38;2;90;78;70;48;2;152;130;102m▏[38;2;130;115;89;48;2;157;136;110m[38;2;190;167;143;48;2;136;118;93m[38;2;167;150;123;48;2;114;102;80m[38;2;136;123;100;48;2;102;92;72m[38;2;110;102;81;48;2;88;83;67m[38;2;80;74;59;48;2;100;92;75m[38;2;78;75;61;48;2;133;121;97m[38;2;99;92;73;48;2;74;72;58m[38;2;73;72;59;48;2;71;70;58m[38;2;69;68;58;48;2;72;70;58m[38;2;72;71;59;48;2;70;68;57m[38;2;69;68;56;48;2;71;69;57m[38;2;70;69;57;48;2;69;69;57m[38;2;66;66;57;48;2;68;67;57m[38;2;75;71;61;48;2;67;65;57m[38;2;66;66;58;48;2;72;70;60m[38;2;70;67;58;48;2;67;65;57m[38;2;68;65;57;48;2;74;73;61m[38;2;78;73;63;48;2;69;66;59m[38;2;72;71;63;48;2;81;78;67m[38;2;81;77;66;48;2;59;60;55m[38;2;61;59;54;48;2;57;56;53m[38;2;53;53;51;48;2;55;54;52m[38;2;54;53;51;48;2;52;52;50m[38;2;49;49;47;48;2;51;50;50m[38;2;51;53;51;48;2;49;49;49m[38;2;89;88;72;48;2;48;47;47m[38;2;88;86;75;48;2;62;63;58m[38;2;134;127;108;48;2;105;102;88m[38;2;143;132;111;48;2;118;113;94m[38;2;98;92;78;48;2;118;112;93m[38;2;66;61;62;48;2;102;97;81m[38;2;74;61;52;48;2;52;48;46m[38;2;43;45;45;48;2;84;63;52m[38;2;88;66;56;48;2;43;44;42m[38;2;57;49;46;48;2;39;40;42m▏[38;2;50;51;46;48;2;37;42;45m[38;2;38;42;43;48;2;36;40;43m[38;2;76;63;51m[38;2;50;47;46m[38;2;40;40;46m[38;2;32;39;42;48;2;36;39;43m[0m
[38;2;156;131;106;48;2;113;94;78m▗[38;2;93;75;63;48;2;150;123;98m[38;2;167;140;112;48;2;94;80;65m[38;2;74;68;53;48;2;121;100;75m[38;2;172;138;112;48;2;112;85;67m[38;2;192;158;129;48;2;166;133;104m[38;2;197;166;136;48;2;159;125;102m[38;2;200;165;137;48;2;172;137;108m[38;2;103;78;62;48;2;198;165;133m[38;2;161;126;100;48;2;205;170;140m[38;2;123;91;74;48;2;208;171;142m[38;2;129;88;58;48;2;208;172;140m[38;2;213;175;143;48;2;164;123;90m[38;2;180;136;100;48;2;218;177;147m⠉[38;2;198;150;110;48;2;217;178;147m[38;2;205;161;128;48;2;223;181;148m[38;2;230;187;153;48;2;225;184;151m[38;2;233;190;156;48;2;228;186;152m[38;2;229;186;153;48;2;233;190;157m[38;2;236;193;158;48;2;229;189;154m[38;2;236;193;159;48;2;229;188;155m[38;2;228;188;155;48;2;234;194;158m[38;2;226;187;155;48;2;233;192;159m[38;2;231;191;157;48;2;226;187;156m[38;2;223;186;154;48;2;229;189;157m⣤[38;2;222;185;155;48;2;226;187;156m⣤[38;2;223;186;156;48;2;220;184;154m[38;2;221;184;155;48;2;217;182;152m[38;2;219;184;154;48;2;215;181;153m[38;2;213;179;152;48;2;216;182;154m[38;2;214;181;154;48;2;211;180;152m[38;2;210;179;151;48;2;212;181;153m[38;2;212;178;151;48;2;40;41;43m▍[38;2;39;41;43;48;2;41;42;44m[38;2;40;41;43;48;2;38;41;44m[38;2;37;40;43;48;2;38;40;44m[38;2;34;36;38;48;2;38;39;41m[38;2;48;49;42;48;2;112;102;80m▏[38;2;119;107;86;48;2;94;85;68m[38;2;100;90;71;48;2;85;78;61m[38;2;89;82;66;48;2;83;78;62m[38;2;80;75;59;48;2;84;77;62m[38;2;78;73;59;48;2;80;75;62m[38;2;92;85;67;48;2;76;74;60m[38;2;84;78;66;48;2;73;71;59m[38;2;85;79;65;48;2;72;70;57m[38;2;77;73;62;48;2;72;69;57m[38;2;80;74;63;48;2;72;69;59m[38;2;83;77;65;48;2;71;69;57m[38;2;94;86;71;48;2;72;70;60m[38;2;82;79;67;48;2;69;66;59m[38;2;102;97;77;48;2;76;72;62m[38;2;72;69;60;48;2;77;75;64m⣠[38;2;71;68;60;48;2;76;72;63m[38;2;80;77;67;48;2;71;68;59m[38;2;71;68;59;48;2;88;83;70m[38;2;76;73;61;48;2;69;66;57m[38;2;73;70;59;48;2;66;63;56m[38;2;71;69;58;48;2;59;58;53m⡀[38;2;57;56;52;48;2;55;54;52m[38;2;54;54;52;48;2;52;52;50m⠇[38;2;54;53;51m[38;2;49;49;49;48;2;50;50;49m[38;2;48;48;48;48;2;49;49;49m[38;2;98;94;80;48;2;47;47;47m[38;2;72;72;65;48;2;62;63;58m▕[38;2;121;114;97;48;2;105;102;86m⠉[38;2;117;112;93;48;2;110;107;90m[38;2;104;101;86;48;2;113;109;90m[38;2;65;62;54;48;2;112;107;89m[38;2;72;55;44;48;2;42;42;44m[38;2;43;44;46;48;2;98;68;57m[38;2;91;65;51;48;2;44;46;45m[38;2;48;45;47;48;2;40;41;43m[38;2;74;60;53;48;2;37;41;44m[38;2;34;40;43;48;2;40;41;43m[38;2;80;63;53;48;2;37;39;43m[38;2;54;46;44;48;2;34;38;45m[38;2;38;40;45;48;2;36;40;43m[38;2;32;38;42m[0m
[38;2;155;125;102;48;2;177;152;124m[38;2;183;158;128;48;2;171;143;115m[38;2;185;158;130;48;2;141;116;90m[38;2;137;107;83;48;2;185;157;127m⠉[38;2;191;161;132;48;2;179;151;123m[38;2;182;152;127;48;2;195;164;136m[38;2;184;154;128;48;2;198;166;138m[38;2;186;155;128;48;2;201;167;139m[38;2;198;167;140;48;2;203;169;141m[38;2;201;168;141;48;2;205;170;142m[38;2;190;158;130;48;2;207;172;143m[38;2;191;158;132;48;2;209;173;144m[38;2;188;155;128m[38;2;210;173;144;48;2;213;176;147m[38;2;216;178;149;48;2;212;175;146m[38;2;219;180;149;48;2;214;176;147m[38;2;215;178;148;48;2;221;181;150m[38;2;216;179;147;48;2;222;181;151m[38;2;217;178;149;48;2;223;183;151m⣤[38;2;198;163;135;48;2;223;184;151m[38;2;198;164;135;48;2;223;184;153m[38;2;198;164;137m[38;2;196;163;135;48;2;220;183;152m[38;2;193;160;133;48;2;219;182;151m[38;2;218;182;152;48;2;191;160;133m[38;2;195;163;137;48;2;217;181;153m[38;2;193;161;135;48;2;215;180;152m[38;2;192;160;134;48;2;214;179;151m[38;2;189;161;134;48;2;212;179;151m[38;2;181;154;125;48;2;207;175;147m[38;2;170;143;116;48;2;207;176;148m[38;2;204;175;146;48;2;161;136;104m[38;2;40;40;42;48;2;198;166;142m⢸[38;2;39;41;43;48;2;41;42;44m[38;2;39;40;44;48;2;38;41;44m⣀[38;2;36;40;43;48;2;37;40;44m[38;2;36;40;41;48;2;37;40;43m[38;2;55;52;50;48;2;91;83;68m▍[38;2;86;79;64;48;2;94;85;69m[38;2;103;91;73;48;2;84;75;65m[38;2;121;108;88;48;2;83;76;61m[38;2;113;98;78;48;2;82;74;62m[38;2;104;91;71;48;2;85;77;64m[38;2;105;92;75;48;2;82;75;65m[38;2;100;89;72;48;2;82;75;61m⣀[38;2;80;74;60;48;2;91;83;67m[38;2;76;72;61;48;2;88;78;65m[38;2;85;77;65;48;2;79;73;64m[38;2;86;79;66;48;2;83;77;65m[38;2;79;73;62;48;2;84;78;64m[38;2;76;72;61;48;2;79;72;62m[38;2;84;77;65;48;2;76;71;60m[38;2;86;78;67;48;2;75;71;60m[38;2;78;73;64;48;2;92;86;72m[38;2;80;73;63;48;2;71;67;59m[38;2;81;74;67;48;2;72;68;59m[38;2;90;84;72;48;2;74;71;61m[38;2;89;84;70;48;2;72;70;59m⣀[38;2;84;77;68;48;2;61;59;54m[38;2;55;54;51;48;2;57;55;52m[38;2;51;51;51;48;2;54;53;50m[38;2;51;51;49;48;2;53;52;50m[38;2;49;49;49;48;2;48;48;48m[38;2;47;49;48;48;2;50;48;48m[38;2;79;78;67;48;2;47;49;48m⠸[38;2;66;69;61;48;2;60;60;55m[38;2;65;66;59;48;2;100;100;81m⣤[38;2;73;73;64;48;2;94;93;74m[38;2;100;98;81;48;2;83;81;70m[38;2;62;62;55;48;2;100;97;81m[38;2;63;53;50;48;2;41;45;46m[38;2;42;43;44;48;2;105;73;58m[38;2;77;60;49;48;2;43;44;45m[38;2;40;41;43;48;2;38;40;43m▊[38;2;84;65;49;48;2;37;41;44m[38;2;36;40;43;48;2;42;42;43m[38;2;61;56;47;48;2;36;40;43m[38;2;55;48;46;48;2;34;38;43m[38;2;33;39;42;48;2;36;40;43m⠐[0m
[38;2;165;142;116;48;2;164;141;115m[38;2;165;141;117;48;2;167;143;118m⣄[38;2;168;144;119;48;2;165;143;117m[38;2;171;146;120;48;2;168;145;119m[38;2;173;146;120;48;2;171;145;119m[38;2;176;147;122;48;2;172;146;120m[38;2;174;146;121;48;2;177;148;123m[38;2;178;149;124;48;2;184;154;128m[38;2;198;166;138;48;2;178;149;123m[38;2;174;145;121;48;2;199;166;139m[38;2;198;167;138;48;2;181;152;126m▍[38;2;182;150;126;48;2;184;152;128m▕[38;2;179;148;123;48;2;202;168;140m▏[38;2;202;170;141;48;2;206;171;143m⣄[38;2;207;172;144;48;2;203;170;141m[38;2;209;174;145;48;2;205;171;143m[38;2;205;171;143;48;2;209;174;145m⣄[38;2;211;175;145;48;2;207;172;144m[38;2;211;174;146;48;2;189;157;131m[38;2;207;172;144;48;2;194;161;133m⢀[38;2;207;173;145m⣀[38;2;208;174;145;48;2;194;162;135m⣀[38;2;207;173;146;48;2;194;161;134m_[38;2;211;176;147;48;2;189;157;131m[38;2;205;173;145;48;2;185;154;128m[38;2;204;173;145;48;2;186;157;131m[38;2;203;172;144m[38;2;171;145;112;48;2;186;156;131m[38;2;184;155;129;48;2;148;119;91m[38;2;183;156;129;48;2;142;121;91m[38;2;165;138;110;48;2;146;121;93m[38;2;134;114;88;48;2;148;125;97m[38;2;40;40;41;48;2;135;114;88m[38;2;42;43;45;48;2;39;41;44m[38;2;40;41;44;48;2;37;40;43m[38;2;36;40;43m[38;2;37;39;43;48;2;34;39;42m[38;2;102;88;70;48;2;33;38;39m[38;2;122;110;88;48;2;97;88;71m[38;2;141;123;100;48;2;110;100;78m[38;2;107;98;73;48;2;164;142;117m[38;2;150;132;107;48;2;113;103;84m[38;2;100;90;75;48;2;117;103;81m[38;2;113;102;81;48;2;102;91;73m⎺[38;2;113;98;79;48;2;97;86;71m⣀[38;2;110;98;78;48;2;92;82;69m[38;2;89;81;67;48;2;101;90;74m[38;2;90;82;67;48;2;86;78;66m[38;2;93;85;70;48;2;83;75;64m[38;2;100;91;74;48;2;85;78;68m[38;2;92;85;69;48;2;81;75;64m[38;2;78;72;62;48;2;84;78;67m[38;2;93;85;72;48;2;82;75;65m[38;2;97;90;72;48;2;81;77;65m[38;2;80;75;64;48;2;92;85;72m[38;2;104;97;79;48;2;93;88;73m[38;2;102;95;77;48;2;89;82;70m[38;2;83;79;68;48;2;97;90;73m[38;2;94;88;72;48;2;59;57;53m[38;2;56;54;51;48;2;54;53;51m[38;2;54;53;51;48;2;52;51;50m⠇[38;2;53;52;50;48;2;51;51;49m![38;2;49;48;49;48;2;47;48;47m[38;2;47;47;47;48;2;46;47;48m[38;2;59;59;55;48;2;46;47;47m⢸[38;2;58;59;54;48;2;57;56;52m⠉[38;2;58;59;53;48;2;63;64;57m[38;2;78;75;64;48;2;66;66;57m[38;2;77;76;68;48;2;68;68;59m⠉[38;2;55;55;50;48;2;71;67;58m[38;2;84;60;49;48;2;42;43;45m[38;2;97;67;51;48;2;42;44;43m'[38;2;90;65;56;48;2;45;46;48m[38;2;42;42;42;48;2;38;41;42m[38;2;36;41;44;48;2;59;52;45m[38;2;36;40;43;48;2;42;43;45m[38;2;80;62;55;48;2;36;41;44m[38;2;53;49;48;48;2;36;40;43m[38;2;33;39;42m[38;2;34;39;42;48;2;34;40;43m[0m
[38;2;162;139;115;48;2;159;139;113m[38;2;158;136;113;48;2;161;139;114m▕[38;2;167;144;118;48;2;178;155;127m[48;2;180;156;128m[38;2;166;143;117;48;2;182;157;129m[38;2;167;144;117;48;2;185;158;130m[38;2;174;150;123;48;2;187;160;132m⣀[38;2;170;146;120;48;2;185;156;131m[38;2;174;148;122;48;2;171;146;120m[38;2;170;143;118;48;2;192;163;135m▏[38;2;190;163;134;48;2;174;148;121m▍[38;2;174;147;121;48;2;177;149;123m[38;2;171;144;119;48;2;195;165;137m▏[38;2;195;164;137;48;2;198;167;139m[38;2;195;165;138;48;2;199;168;140m[38;2;196;166;138;48;2;200;168;140m[38;2;197;167;139;48;2;201;169;141m[38;2;198;167;139;48;2;202;169;141m[38;2;199;168;140;48;2;181;152;126m▏[38;2;203;169;142;48;2;182;153;127m⠸[38;2;181;153;127;48;2;203;171;143m⣀[48;2;203;171;144m[38;2;202;171;143;48;2;182;154;128m[38;2;182;153;127;48;2;179;150;125m╿[38;2;199;168;140;48;2;176;148;123m[38;2;200;169;141;48;2;181;153;127m[38;2;180;151;125;48;2;200;169;141m⣤[38;2;156;126;98;48;2;180;153;125m[38;2;156;129;99;48;2;176;149;123m[38;2;186;160;132;48;2;145;121;102m[38;2;182;155;127;48;2;162;135;109m[38;2;184;156;126;48;2;176;150;120m⠚[38;2;39;39;42;48;2;178;153;123m[38;2;38;41;44;48;2;40;41;45m[38;2;37;41;44;48;2;38;40;44m[38;2;38;39;43;48;2;36;40;43m[38;2;36;37;40;48;2;34;39;42m[38;2;33;39;40;48;2;154;134;104m[38;2;141;126;102;48;2;158;140;113m[38;2;140;124;98;48;2;153;136;108m[38;2;137;118;94;48;2;156;137;112m[38;2;154;136;111;48;2;146;129;102m[38;2;137;120;97;48;2;114;103;82m[38;2;98;88;70;48;2;110;100;80m⢲[38;2;108;98;78;48;2;92;83;69m⠉[38;2;100;89;72;48;2;91;82;68m[38;2;98;89;71;48;2;89;82;66m[38;2;85;77;65;48;2;100;90;73m[38;2;86;80;66;48;2;98;88;72m[38;2;100;90;72;48;2;83;76;65m[38;2;100;90;73;48;2;81;75;64m[38;2;84;77;67;48;2;103;92;76m[38;2;86;81;70;48;2;100;93;75m[38;2;90;83;71;48;2;103;93;79m[38;2;102;95;78;48;2;106;97;80m[38;2;91;86;72;48;2;105;98;79m[38;2;94;88;72;48;2;80;75;65m⠇[38;2;73;71;61;48;2;76;72;62m[38;2;58;57;53;48;2;70;69;58m[38;2;55;54;50;48;2;52;52;50m[38;2;53;52;50;48;2;51;51;49m⠇[38;2;51;51;49;48;2;49;49;49m[38;2;46;47;47;48;2;47;47;48m[38;2;45;46;47;48;2;46;47;47m[38;2;56;58;53;48;2;45;47;46m⢸[38;2;55;55;50;48;2;56;55;51m=[38;2;65;66;58;48;2;58;59;54m[38;2;63;64;57;48;2;69;70;62m[38;2;75;73;63;48;2;72;70;62m⡘[38;2;54;51;48;48;2;75;72;61m[38;2;88;61;43;48;2;42;43;47m[38;2;113;74;53;48;2;42;43;44m[38;2;103;72;51;48;2;43;45;44m[38;2;38;40;43;48;2;42;42;44m[38;2;38;43;46;48;2;93;64;53m[38;2;36;40;43;48;2;41;42;44m[38;2;81;63;54;48;2;37;41;44m[38;2;60;50;48;48;2;37;40;45m[38;2;36;40;43;48;2;33;39;42m[38;2;34;40;43m[0m
[38;2;157;137;112;48;2;155;136;110m[38;2;159;139;113;48;2;156;137;111m[38;2;160;140;113;48;2;157;138;111m[38;2;160;138;113;48;2;162;140;115m[38;2;166;144;117;48;2;163;141;115m[38;2;172;149;122;48;2;165;142;116m[38;2;179;155;127;48;2;166;143;117m[38;2;181;156;128;48;2;167;144;118m[38;2;169;145;120;48;2;166;143;118m╹[38;2;167;144;117;48;2;185;159;132m[38;2;184;159;130;48;2;168;145;118m▍[38;2;168;143;118;48;2;171;146;120m▕[38;2;165;141;116;48;2;186;160;132m▏[38;2;188;161;134;48;2;192;164;135m[38;2;194;164;136;48;2;189;162;134m[38;2;193;164;136m[38;2;190;162;134;48;2;193;164;136m⣄[38;2;194;165;138;48;2;190;163;135m[38;2;189;161;133;48;2;175;148;122m▏[38;2;191;164;135;48;2;177;151;124m[38;2;191;163;135;48;2;178;150;125m[38;2;192;163;135;48;2;178;151;125m[38;2;192;163;134m⣤[38;2;176;150;123;48;2;172;145;118m[38;2;180;153;124;48;2;161;136;110m[38;2;187;158;130;48;2;170;143;117m[38;2;193;163;135;48;2;182;153;125m[38;2;176;148;122;48;2;189;160;132m⠉[38;2;176;145;118;48;2;190;157;128m⠉[38;2;176;150;120;48;2;184;156;125m[38;2;171;146;116;48;2;180;153;124m[38;2;171;146;117;48;2;165;141;113m[38;2;168;143;113;48;2;38;42;47m▊[38;2;42;43;45;48;2;38;41;43m[38;2;37;40;43;48;2;38;41;44m[38;2;37;39;43;48;2;36;39;43m[38;2;34;39;42;48;2;34;38;41m[38;2;154;137;110;48;2;34;38;39m⢸[38;2;148;131;105;48;2;154;136;110m[38;2;146;130;103;48;2;150;133;107m[38;2;153;136;108;48;2;146;129;103m[38;2;125;111;89;48;2;140;124;100m[38;2;130;115;93;48;2;109;98;79m[38;2;102;90;73;48;2;114;102;82m[38;2;105;93;76;48;2;97;86;71m[38;2;90;81;67;48;2;102;90;72m[38;2;94;83;69;48;2;88;79;66m[38;2;95;85;71;48;2;86;77;63m⠖[38;2;84;76;65;48;2;90;81;68m[38;2;100;92;74;48;2;88;80;68m[38;2;102;92;75;48;2;84;77;66m[38;2;80;74;64;48;2;90;85;70m[38;2;82;76;64;48;2;97;89;72m[38;2;104;95;79;48;2;78;74;64m[38;2;83;77;67;48;2;105;97;80m[38;2;78;73;61;48;2;95;88;72m⣰[38;2;89;83;71;48;2;68;65;56m[38;2;61;61;55;48;2;85;80;67m[38;2;85;80;66;48;2;57;58;54m[38;2;51;51;49;48;2;54;53;51m⢸[38;2;49;49;49;48;2;51;51;49m⢸[38;2;51;50;49;48;2;48;48;48m[38;2;47;47;47;48;2;45;45;47m[38;2;45;45;47;48;2;44;45;46m[38;2;44;45;47;48;2;70;70;61m[38;2;56;55;53;48;2;57;57;54m[38;2;88;88;73;48;2;71;72;64m[38;2;77;75;68;48;2;90;88;74m⎺[38;2;88;83;71;48;2;80;77;67m[38;2;49;47;45;48;2;83;80;68m[38;2;74;55;45;48;2;41;43;45m▍[38;2;86;63;51;48;2;46;46;44m[38;2;91;66;49;48;2;43;43;44m[38;2;38;40;41;48;2;41;41;43m[38;2;38;41;43;48;2;83;63;54m[38;2;36;40;43;48;2;38;41;43m[38;2;66;55;47;48;2;32;39;43m[38;2;49;44;43;48;2;36;39;42m[38;2;34;39;42;48;2;36;40;43m[38;2;32;38;41;48;2;34;39;42m[0m
[38;2;154;135;109;48;2;151;133;109m[38;2;152;135;109;48;2;150;132;107m[38;2;160;140;114;48;2;168;148;121m[38;2;170;149;122;48;2;169;148;121m[38;2;164;145;118;48;2;173;152;124m[38;2;159;138;113;48;2;174;153;125m[38;2;159;139;113m[38;2;178;154;127;48;2;160;139;113m[38;2;162;140;112;48;2;164;142;115m⣀[38;2;180;156;128;48;2;162;140;112m[38;2;180;154;127;48;2;165;140;115m▍[38;2;164;140;114;48;2;165;142;116m[38;2;185;159;130;48;2;165;142;114m[38;2;166;142;116;48;2;184;159;131m[38;2;186;159;131;48;2;167;144;117m[38;2;168;145;118;48;2;186;160;132m[38;2;186;160;133;48;2;168;144;118m⠉[38;2;186;160;132;48;2;169;145;119m⠉[38;2;184;158;131;48;2;168;145;118m▏[38;2;187;160;131;48;2;168;144;117m⢸[38;2;185;158;129;48;2;188;162;133m[38;2;186;159;130;48;2;188;161;132m[38;2;176;151;124;48;2;187;160;132m▕[38;2;179;153;123;48;2;166;142;116m⣀[38;2;153;129;104;48;2;168;145;114m[38;2;161;135;109;48;2;170;146;116m[38;2;166;142;112;48;2;171;146;116m⣤[38;2;179;153;124;48;2;168;144;114m[38;2;168;143;114;48;2;178;152;123m[38;2;169;144;114;48;2;163;138;108m[38;2;165;141;110;48;2;160;136;108m[38;2;156;132;104m⣠[38;2;158;134;108;48;2;43;44;41m▊[38;2;39;41;44;48;2;37;40;43m[38;2;37;41;44;48;2;36;40;43m[38;2;34;39;42m[48;2;36;37;41m▊[38;2;148;129;103m[38;2;140;124;100;48;2;143;127;102m[48;2;143;126;102m[38;2;143;127;102;48;2;139;123;98m[38;2;132;117;94;48;2;136;120;97m[38;2;116;104;82;48;2;131;117;92m[38;2;120;105;83;48;2;107;97;76m[38;2;112;100;80;48;2;98;86;71m⡤[38;2;104;92;75;48;2;94;82;68m[38;2;88;78;64;48;2;95;86;69m[38;2;83;75;63;48;2;88;79;66m[38;2;89;80;67;48;2;84;76;65m[38;2;89;80;69;48;2;100;88;72m[38;2;88;80;68;48;2;102;92;75m[38;2;93;85;69;48;2;102;92;76m[38;2;100;89;77;48;2;85;79;67m[38;2;72;69;60;48;2;77;72;62m[38;2;66;65;55;48;2;74;72;60m[38;2;73;70;59;48;2;64;61;54m[38;2;71;66;59;48;2;63;62;54m[38;2;60;59;53;48;2;70;67;57m⠓[38;2;69;68;57;48;2;59;58;54m⡄[38;2;54;53;51;48;2;51;51;49m[38;2;50;50;50;48;2;48;48;48m[38;2;47;47;48;48;2;49;49;49m[38;2;43;44;46;48;2;45;46;47m[38;2;44;44;46;48;2;43;44;46m[38;2;43;44;46;48;2;82;80;70m▍[38;2;54;54;52;48;2;55;55;53m[38;2;86;84;71;48;2;73;73;65m[38;2;89;88;73;48;2;76;76;65m[38;2;80;77;68;48;2;91;88;75m[38;2;50;49;49;48;2;89;88;74m[38;2;77;54;42;48;2;43;44;44m▍[38;2;98;67;51;48;2;41;41;43m[38;2;76;58;51;48;2;43;43;43m[38;2;39;40;42;48;2;42;42;44m[38;2;38;41;44;48;2;88;65;55m[38;2;34;39;42;48;2;37;41;44m[38;2;72;56;52;48;2;33;40;40m[38;2;55;46;44;48;2;33;39;43m[38;2;34;40;43;48;2;33;39;42m⣂[38;2;34;39;43m[0m
[38;2;146;130;106;48;2;148;132;107m[38;2;148;131;107;48;2;149;133;108m[38;2;157;139;113;48;2;151;133;108m⎺[38;2;154;135;109;48;2;151;132;107m[38;2;152;134;107;48;2;154;135;109m[38;2;155;135;109;48;2;157;137;112m[38;2;163;144;116;48;2;156;136;110m[38;2;171;149;121;48;2;158;137;111m[38;2;173;151;122;48;2;159;138;111m[38;2;159;137;110;48;2;174;150;122m[38;2;161;140;113;48;2;175;151;123m[38;2;176;151;123;48;2;163;139;113m[38;2;176;152;124;48;2;164;141;114m⣤[38;2;165;142;114;48;2;178;153;124m[38;2;165;141;114;48;2;180;155;126m[38;2;165;142;115;48;2;179;154;124m⠉[48;2;178;153;124m[48;2;180;156;127m⎺[38;2;179;153;125;48;2;174;149;121m[38;2;182;156;128;48;2;180;155;125m[38;2;178;153;125;48;2;181;156;126m[38;2;178;153;123;48;2;182;156;127m[38;2;180;154;126;48;2;178;152;124m[38;2;177;151;121;48;2;171;145;118m[38;2;164;140;112;48;2;166;142;112m[38;2;168;143;113;48;2;164;140;112m[38;2;165;141;111;48;2;161;137;108m[38;2;161;138;108;48;2;167;141;112m[38;2;156;132;106;48;2;162;138;110m[38;2;158;134;106;48;2;153;130;102m[38;2;155;132;104;48;2;151;130;102m[38;2;151;130;103;48;2;148;127;100m[38;2;41;43;45;48;2;148;130;108m▕[38;2;39;42;43;48;2;37;40;43m[38;2;37;40;44;48;2;36;39;42m[48;2;34;39;42m [38;2;34;39;42;48;2;33;39;42m[38;2;141;122;103m[38;2;136;119;94;48;2;138;121;98m[38;2;135;119;95;48;2;138;122;98m[38;2;137;121;97;48;2;133;117;93m[38;2;130;114;90;48;2;132;116;93m[38;2;115;102;81;48;2;127;111;88m[38;2;98;85;72;48;2;118;105;83m⣠[38;2;91;81;65;48;2;104;91;74m[38;2;93;81;68;48;2;86;77;63m[38;2;88;79;64;48;2;98;88;70m[38;2;98;86;71;48;2;88;79;65m[38;2;106;95;78;48;2;98;86;71m[38;2;92;82;71;48;2;104;93;76m[38;2;103;93;78;48;2;109;98;80m[38;2;102;93;80;48;2;108;98;80m[38;2;107;97;79;48;2;106;95;75m[38;2;95;88;72;48;2;104;95;78m⎺[38;2;77;72;61;48;2;97;88;72m[38;2;88;80;67;48;2;75;71;60m[38;2;79;72;63m⢦[38;2;91;84;69;48;2;75;71;61m[38;2;55;55;52;48;2;80;74;64m[38;2;52;51;51;48;2;49;50;49m[38;2;49;49;49;48;2;47;48;48m[38;2;47;47;48;48;2;45;46;48m[38;2;44;45;47;48;2;43;44;47m⠇[38;2;45;45;47;48;2;42;43;45m[38;2;42;43;47;48;2;77;72;65m▍[38;2;53;55;55;48;2;53;53;51m▕[38;2;88;84;72;48;2;72;71;60m[38;2;68;67;58;48;2;88;86;74m⣀[38;2;71;68;61;48;2;88;83;72m[38;2;49;45;46;48;2;78;75;64m[38;2;66;54;47;48;2;42;43;45m▍[38;2;82;59;48;48;2;43;43;45m▍[38;2;74;57;50;48;2;41;45;48m[38;2;38;40;42;48;2;40;41;43m[38;2;71;52;46;48;2;37;38;43m'[38;2;36;40;43;48;2;33;39;43m[38;2;82;62;49;48;2;36;41;44m[38;2;47;45;45;48;2;32;37;41m[38;2;32;38;41;48;2;34;39;42m[38;2;32;38;42;48;2;33;39;42m●[0m
[38;2;145;128;104;48;2;156;138;113m[38;2;145;129;104;48;2;156;139;113m⠉[38;2;146;130;105;48;2;158;141;113m[38;2;148;130;107;48;2;159;142;115m⎺[38;2;161;142;114;48;2;155;136;109m[38;2;162;143;115;48;2;165;145;117m[38;2;168;147;119;48;2;164;144;116m[38;2;168;147;118;48;2;165;145;116m[38;2;169;148;120;48;2;166;145;117m[38;2;167;146;118;48;2;170;149;120m[38;2;168;147;118;48;2;173;149;120m[38;2;174;149;121;48;2;169;147;120m[38;2;169;147;118;48;2;174;150;122m⣤[38;2;175;150;123;48;2;171;148;119m[38;2;177;151;123;48;2;172;148;120m[38;2;171;147;120;48;2;176;152;122m[38;2;173;147;120;48;2;176;151;123m⣤[38;2;170;146;117;48;2;177;152;122m[38;2;162;138;110;48;2;176;151;121m[38;2;161;137;109m⣀[38;2;159;135;108;48;2;175;149;120m[38;2;154;132;103;48;2;166;141;111m[38;2;151;128;101;48;2;168;145;116m[38;2;146;124;98;48;2;170;144;116m[38;2;160;136;108;48;2;144;121;95m⠉[38;2;143;120;94;48;2;160;136;107m[38;2;156;132;104;48;2;141;119;93m[38;2;155;131;104;48;2;153;129;102m[38;2;151;128;100m⠤[38;2;150;129;100;48;2;148;127;100m[38;2;146;125;98;48;2;149;128;102m[38;2;143;123;98;48;2;145;124;98m⣠[38;2;102;95;76;48;2;143;123;97m[38;2;93;83;68;48;2;38;43;46m[38;2;36;40;43;48;2;39;42;43m[48;2;34;39;42m[38;2;33;38;41;48;2;33;39;42m[38;2;100;89;73m[38;2;80;74;66;48;2;132;116;93m[38;2;132;116;93;48;2;131;115;92m⠋[38;2;130;114;90m[38;2;127;111;89;48;2;128;113;90m[38;2;124;108;88;48;2;109;98;77m[38;2;111;98;79;48;2;100;86;71m[48;2;94;83;70m[38;2;108;94;76;48;2;94;82;67m[38;2;108;95;78;48;2;97;86;69m[38;2;93;82;72;48;2;109;98;81m[38;2;107;98;79;48;2;112;100;81m[38;2;110;100;81;48;2;112;100;82m[48;2;111;100;82m [38;2;108;98;80;48;2;100;93;77m[38;2;102;93;76;48;2;88;80;68m[38;2;84;78;66;48;2;100;91;74m⣤[38;2;92;84;70;48;2;82;76;62m[38;2;80;73;62;48;2;92;84;69m[38;2;92;83;72;48;2;82;77;66m[38;2;98;90;74;48;2;93;86;71m[38;2;61;60;56;48;2;92;80;69m▕[38;2;47;47;49;48;2;51;50;50m[38;2;45;46;47;48;2;48;48;48m[38;2;44;45;47;48;2;45;46;47m[38;2;42;43;47;48;2;43;44;47m[38;2;41;43;42;48;2;41;42;46m[38;2;51;51;50;48;2;81;78;67m[38;2;52;52;51;48;2;53;55;53m[38;2;82;80;70;48;2;66;68;61m[38;2;80;78;67;48;2;73;73;63m[38;2;68;65;56;48;2;79;79;69m[38;2;56;48;46;48;2;82;79;68m[38;2;54;48;45;48;2;70;56;47m[38;2;72;56;47;48;2;57;50;46m[38;2;63;50;45;48;2;47;46;45m[38;2;71;57;49;48;2;49;46;48m[38;2;42;42;43;48;2;67;52;46m[38;2;37;41;44;48;2;68;55;49m[38;2;61;50;47;48;2;37;38;40m┙[38;2;36;38;39;48;2;50;45;42m[38;2;32;38;41;48;2;33;39;42m[38;2;32;38;42m[0m
[38;2;153;137;112;48;2;152;135;110m[38;2;153;136;110;48;2;156;138;112m[38;2;153;135;109;48;2;156;139;113m⣀[38;2;157;137;110;48;2;158;140;114m⣤[48;2;159;141;113m[38;2;162;142;115;48;2;159;139;112m[38;2;164;143;115;48;2;160;139;112m[38;2;157;137;109;48;2;162;142;114m[38;2;149;129;102;48;2;165;144;115m[48;2;166;145;116m⣀[38;2;152;130;103;48;2;168;146;116m[38;2;152;129;103;48;2;169;145;117m[38;2;170;146;118;48;2;154;131;104m[38;2;158;134;106;48;2;171;147;118m[38;2;154;131;105;48;2;172;147;118m⢰[38;2;155;133;105m[38;2;169;143;116;48;2;156;133;106m[38;2;173;146;117;48;2;159;135;108m[38;2;173;145;117;48;2;159;135;107m⣀[38;2;174;148;118m[38;2;174;147;117;48;2;159;134;106m▕[38;2;155;131;104;48;2;172;146;117m[38;2;162;137;110;48;2;155;132;105m[38;2;154;130;102;48;2;168;143;113m[38;2;147;125;98;48;2;160;137;108m[38;2;158;134;106;48;2;147;125;98m[38;2;147;124;96;48;2;159;135;106m[38;2;157;132;104;48;2;162;137;107m⠋[38;2;156;133;104;48;2;161;135;106m⠙[38;2;150;129;100;48;2;155;131;103m[38;2;150;128;103;48;2;146;125;98m[38;2;147;127;100;48;2;143;123;98m[38;2;143;121;98;48;2;146;125;100m[38;2;148;122;95;48;2;37;38;41m▍[38;2;36;40;43;48;2;33;39;42m[38;2;33;39;42;48;2;34;39;42m[38;2;33;38;41;48;2;33;39;42m[48;2;32;38;41m[38;2;132;116;93;48;2;33;38;39m[38;2;131;116;93;48;2;129;115;93m[38;2;130;115;92;48;2;129;114;90m[38;2;127;112;90;48;2;125;110;88m[38;2;103;89;75;48;2;123;108;88m[38;2;114;100;80;48;2;97;85;69m[38;2;61;57;52;48;2;97;84;68m[38;2;63;57;49;48;2;105;93;75m[38;2;54;50;47;48;2;106;94;76m[48;2;114;102;83m[38;2;72;68;59;48;2;113;100;81m[38;2;75;71;60m[38;2;78;71;62;48;2;112;102;83m[38;2;74;68;57;48;2;110;98;82m[38;2;69;65;55;48;2;105;97;77m[38;2;65;60;52;48;2;92;83;71m⠤[38;2;61;58;51;48;2;103;91;74m⠤[38;2;57;55;49;48;2;98;91;73m⠤[38;2;47;45;43;48;2;100;90;75m⢤[38;2;55;55;50m[38;2;47;47;45;48;2;97;88;72m⠤[38;2;49;49;48;48;2;46;47;47m⡃[38;2;44;45;47;48;2;47;47;47m[38;2;45;45;47;48;2;43;44;47m[38;2;42;43;46;48;2;41;42;46m[38;2;41;42;45;48;2;40;41;43m[38;2;48;49;49;48;2;76;74;63m[38;2;53;56;54;48;2;50;50;50m▕[38;2;71;71;65;48;2;86;84;72m▏[38;2;78;75;67;48;2;56;57;51m[38;2;57;60;56;48;2;84;81;70m[38;2;52;47;44;48;2;81;80;69m[38;2;57;47;44;48;2;61;49;45m[38;2;68;53;47;48;2;58;49;46m⢐[38;2;56;47;45;48;2;64;51;47m[38;2;64;49;44;48;2;56;46;43m[38;2;62;49;43;48;2;51;45;43m[38;2;55;47;44;48;2;43;42;44m[38;2;53;45;43;48;2;41;41;43m[38;2;61;48;45m[38;2;33;39;42;48;2;32;38;42m[38;2;31;37;41m[0m
[38;2;150;132;108;48;2;147;129;105m[38;2;148;131;105;48;2;151;134;108m[38;2;152;133;107;48;2;149;131;105m[38;2;153;136;108;48;2;151;131;106m[38;2;155;135;109;48;2;153;133;106m[38;2;155;134;108;48;2;141;122;98m[38;2;153;134;106;48;2;143;123;98m⎺[38;2;142;122;98;48;2;145;124;100m[38;2;154;131;106;48;2;146;126;100m[38;2;160;136;108;48;2;148;125;100m[38;2;162;138;109;48;2;150;127;102m⣀[38;2;151;128;102;48;2;162;137;109m[38;2;152;129;102;48;2;150;126;98m[38;2;148;124;99;48;2;164;139;110m▍[38;2;166;141;112;48;2;152;128;103m▍[38;2;150;127;100;48;2;153;129;102m[38;2;155;129;100;48;2;170;144;114m[38;2;156;130;102;48;2;172;144;114m[38;2;161;131;103;48;2;174;144;114m[38;2;174;145;115;48;2;159;132;104m[38;2;159;132;105;48;2;169;136;107m[38;2;157;130;102;48;2;174;145;115m[38;2;174;145;114;48;2;156;130;103m[38;2;169;139;106;48;2;154;128;102m⣀[38;2;163;139;109;48;2;150;126;100m[38;2;163;138;109;48;2;149;125;98m[38;2;156;132;103;48;2;148;125;97m▕[38;2;164;137;108;48;2;163;138;108m[38;2;161;136;106;48;2;164;137;107m⢸[38;2;158;134;105;48;2;157;133;105m[38;2;152;130;103;48;2;154;132;104m[38;2;149;128;102;48;2;151;130;103m[38;2;148;126;102;48;2;149;128;102m[38;2;149;127;102;48;2;37;41;42m[38;2;34;39;42;48;2;37;40;43m[48;2;33;38;41m[38;2;33;39;42mF[38;2;32;37;40m[38;2;132;115;92;48;2;32;37;40m⢸[38;2;98;83;69;48;2;134;117;93m⣀[38;2;43;43;44;48;2;129;116;94m[38;2;42;43;42;48;2;114;100;80m[38;2;43;45;44;48;2;94;83;67m[38;2;75;66;55;48;2;46;47;45m[38;2;46;45;45;48;2;49;47;45m⣄[38;2;112;102;82;48;2;50;48;43m⢸[38;2;57;55;52;48;2;113;100;83m[38;2;56;52;51;48;2;112;102;83m[38;2;66;61;53;48;2;113;102;83m⠤[38;2;70;65;56;48;2;113;100;83m⠤[38;2;73;69;60;48;2;112;102;83m⠤[38;2;76;72;62;48;2;111;100;82m⠤[38;2;52;51;47;48;2;109;100;83m[38;2;49;47;44;48;2;107;100;81m[38;2;48;47;43;48;2;106;97;78m[38;2;47;46;42;48;2;103;95;77m[38;2;102;93;77;48;2;45;44;42m[38;2;52;52;49;48;2;97;88;75m[38;2;95;89;73;48;2;62;60;53m[38;2;51;48;48;48;2;46;46;47m[38;2;42;44;46;48;2;45;46;46m[38;2;43;44;47;48;2;42;43;46m[38;2;42;43;46;48;2;41;42;45m[38;2;40;42;44;48;2;40;41;44m[38;2;56;55;52;48;2;44;46;47m[38;2;49;50;49;48;2;47;49;48m[38;2;64;64;57;48;2;43;46;47m[38;2;43;46;47;48;2;59;59;56m[38;2;42;45;46;48;2;55;57;52m[38;2;80;77;65;48;2;48;45;45m⠁[38;2;62;51;47;48;2;54;48;46m[38;2;68;53;45;48;2;57;48;45m[38;2;56;47;45;48;2;65;51;45m[38;2;53;47;44;48;2;62;49;44m[38;2;52;45;43;48;2;63;50;47m[38;2;47;44;44;48;2;60;47;44m[38;2;49;43;45;48;2;56;47;44m[38;2;38;39;44;48;2;51;44;44m[38;2;32;38;42;48;2;31;38;41m⡦[38;2;31;38;42;48;2;31;37;41m[0m
[38;2;140;124;100;48;2;144;127;102m⣤[38;2;145;127;102;48;2;143;125;102m[38;2;146;129;103;48;2;145;126;102m[38;2;149;130;104;48;2;146;128;102m⠙[38;2;148;128;103;48;2;150;130;104m⣤[38;2;150;130;103;48;2;137;118;93m▏[38;2;140;121;98;48;2;137;117;94m[38;2;152;131;104;48;2;140;120;95m[38;2;141;120;95;48;2;154;132;105m⣀[38;2;142;120;95;48;2;155;132;105m[38;2;144;121;95;48;2;159;135;107m⣤[38;2;159;134;106;48;2;145;122;97m[38;2;146;122;97;48;2;146;124;98m[38;2;146;123;95;48;2;163;137;108m[38;2;148;123;96;48;2;162;137;107m⢸[38;2;147;121;95;48;2;152;126;100m[38;2;167;138;107;48;2;153;127;100m[38;2;155;128;100;48;2;178;143;111m[38;2;161;129;100;48;2;176;142;110m[38;2;189;151;115;48;2;160;129;102m[38;2;174;137;105;48;2;161;129;102m[38;2;174;142;111;48;2;159;129;101m[38;2;159;129;102;48;2;168;137;108m⣂[38;2;154;126;100;48;2;168;139;110m[38;2;165;139;109;48;2;150;125;98m[38;2;162;136;106;48;2;149;124;98m[38;2;148;124;97;48;2;161;136;106m[38;2;159;134;104;48;2;162;136;106m[38;2;162;135;106;48;2;159;135;105m⠇[38;2;159;134;107;48;2;156;132;104m[38;2;155;131;103;48;2;152;131;102m[38;2;152;129;103;48;2;150;129;102m[38;2;140;118;94;48;2;149;128;100m[38;2;148;129;100;48;2;43;44;41m[38;2;46;46;43;48;2;38;39;43m[38;2;47;48;47;48;2;37;38;42m[38;2;50;51;51;48;2;37;41;44m[38;2;61;60;55;48;2;37;41;42m[38;2;84;74;61;48;2;34;39;42m[38;2;44;46;44;48;2;33;38;41m[38;2;130;113;93;48;2;37;39;38m[38;2;65;58;55;48;2;37;39;40m▕[38;2;59;58;48;48;2;41;42;44m[38;2;48;47;45;48;2;43;43;43m[38;2;44;44;44;48;2;49;48;45m[38;2;45;45;45;48;2;108;95;75m▍[38;2;49;47;49;48;2;106;98;78m[38;2;53;51;47;48;2;106;95;77m[38;2;84;78;65;48;2;105;97;79m[38;2;84;77;63;48;2;109;98;80m[38;2;80;75;63;48;2;108;100;82m[38;2;78;70;60;48;2;106;92;76m[38;2;77;70;60;48;2;104;93;76m[38;2;78;72;61;48;2;102;93;75m[38;2;81;74;64;48;2;102;92;77m[38;2;46;45;41;48;2;92;84;71m[38;2;76;70;58;48;2;44;46;47m▍[38;2;91;83;72;48;2;59;53;50m⠉[38;2;50;47;45;48;2;77;71;60m[38;2;42;44;45;48;2;46;46;45m[38;2;43;44;45;48;2;45;45;45m[38;2;41;43;45;48;2;42;43;46m[38;2;41;42;45;48;2;43;43;44m[38;2;41;42;46;48;2;40;42;44m[38;2;43;44;45m[38;2;44;45;46;48;2;41;42;44m[38;2;39;42;45;48;2;40;42;45m[38;2;40;41;45;48;2;43;44;46m[38;2;43;43;44;48;2;41;42;44m[38;2;42;43;45;48;2;44;44;44m[38;2;43;44;43;48;2;51;46;44m⣠[38;2;57;49;45;48;2;49;46;43m[38;2;59;48;45;48;2;54;46;44m[38;2;51;45;43;48;2;61;48;45m[38;2;59;48;45;48;2;51;45;43m[38;2;53;45;45;48;2;62;48;45m[38;2;64;47;47;48;2;53;46;44m[38;2;53;44;46;48;2;40;40;43m[38;2;30;37;41;48;2;32;38;42m[38;2;32;38;42;48;2;31;37;41m[0m
[38;2;130;114;92;48;2;136;120;98m[38;2;139;122;97;48;2;135;119;95m⣨[38;2;155;133;105;48;2;140;123;98m[38;2;151;129;103;48;2;141;123;100m[38;2;160;136;108;48;2;144;124;100m[38;2;146;125;100;48;2;134;114;90m▏[38;2;133;112;89;48;2;135;115;91m[38;2;146;124;99;48;2;135;114;91m[38;2;150;125;101;48;2;138;116;94m[38;2;152;129;102;48;2;139;118;93m[38;2;143;119;95;48;2;155;131;103m[38;2;144;119;94;48;2;155;130;102m[38;2;157;129;101;48;2;145;120;94mL[38;2;159;134;104;48;2;145;122;94m▕[38;2;145;120;93;48;2;160;133;105m⢸[38;2;146;120;93;48;2;147;122;95m[38;2;151;123;97;48;2;165;135;106m[38;2;181;143;107;48;2;153;124;98m⠉[38;2;160;128;98;48;2;177;142;108m[38;2;182;139;105;48;2;165;129;100m[38;2;175;136;105;48;2;185;144;110m[38;2;201;156;116;48;2;181;144;110m[38;2;166;132;102;48;2;202;159;120m[38;2;164;128;98;48;2;168;139;107m[38;2;157;129;99;48;2;163;135;105m[38;2;183;153;121;48;2;161;135;106m[38;2;182;150;117;48;2;160;134;104m[38;2;180;148;116;48;2;160;133;104m[38;2;177;148;115;48;2;158;132;103m-[38;2;135;105;76;48;2;156;130;100m[38;2;110;88;70;48;2;152;128;100m[38;2;143;117;92;48;2;75;65;55m[38;2;46;45;45;48;2;128;102;82m[38;2;82;71;59;48;2;36;38;42m[38;2;49;49;44;48;2;34;39;42m[38;2;38;39;42;48;2;32;38;41m[38;2;37;40;43;48;2;32;38;42m[38;2;32;38;42;48;2;31;38;42m⡒[38;2;31;37;40;48;2;31;38;41m[38;2;52;51;50;48;2;31;37;40m▕[38;2;46;44;42;48;2;125;110;89m⢸[38;2;100;81;63;48;2;40;41;43m[38;2;49;48;45;48;2;38;41;41m[38;2;48;47;45;48;2;41;43;43m[38;2;41;43;44;48;2;47;46;44m▍[38;2;98;85;71;48;2;56;50;50m[38;2;102;90;75;48;2;55;47;45m⠃[38;2;102;92;75;48;2;56;49;46m[38;2;58;50;47;48;2;100;88;72m[38;2;68;57;50;48;2;98;89;72m[38;2;100;88;72;48;2;62;54;50m[38;2;60;50;47;48;2;94;85;71m[38;2;60;49;46;48;2;100;89;73m⣤[38;2;61;50;46;48;2;95;83;70m[38;2;93;84;68;48;2;61;53;44m⠉[38;2;58;49;46;48;2;74;66;55m[38;2;58;53;49;48;2;57;47;46m[38;2;56;46;45;48;2;52;47;44m[38;2;47;45;45;48;2;53;46;45m[38;2;43;43;43;48;2;45;45;44m[38;2;44;45;44;48;2;42;42;44m[38;2;48;47;45;48;2;42;43;45m[38;2;44;44;44;48;2;42;42;44m⣀[38;2;41;42;44;48;2;42;43;45m[38;2;43;43;45;48;2;41;42;44m[38;2;42;43;45;48;2;40;41;44m[38;2;40;41;44;48;2;41;42;44m[38;2;43;43;43;48;2;40;42;44m[38;2;44;43;44;48;2;41;42;44m⠚[38;2;43;43;43m[38;2;40;42;43;48;2;44;44;44m[38;2;44;44;43;48;2;49;46;43m[38;2;46;44;43;48;2;51;46;43m⣔[38;2;56;47;45;48;2;46;45;45m[38;2;48;44;43;48;2;55;48;45m[38;2;46;44;46;48;2;54;47;46m[38;2;56;47;45;48;2;49;44;44m[38;2;32;38;39;48;2;46;41;44m[38;2;31;37;41;48;2;32;38;42m[38;2;32;38;42;48;2;31;37;41m⠉[0m
[38;2;130;114;92;48;2;134;117;93m[38;2;133;117;93;48;2;136;119;95m[38;2;133;117;92;48;2;138;121;95m[38;2;141;122;98;48;2;138;120;95m⎺[38;2;137;116;94;48;2;141;121;98m[38;2;142;121;97;48;2;130;110;88m▏[38;2;128;109;86;48;2;132;112;88m[38;2;145;124;100;48;2;133;113;89m[38;2;134;111;88;48;2;148;124;99m[38;2;134;113;89;48;2;144;121;96m[38;2;144;121;96;48;2;136;114;89m[38;2;151;127;100;48;2;137;114;89m⠉[38;2;153;127;100;48;2;139;114;89m[38;2;139;115;90;48;2;154;128;100m[38;2;141;116;89;48;2;156;129;100m⠸[38;2;157;131;102;48;2;145;120;92m[38;2;150;122;97;48;2;161;133;103m[38;2;152;123;96;48;2;165;134;105m⠉[38;2;206;160;114;48;2;175;136;105m[38;2;171;137;109;48;2;184;142;107m[38;2;201;152;116;48;2;172;136;104m[38;2;192;150;117;48;2;175;139;107m[38;2;202;157;116;48;2;169;133;102m[38;2;171;137;105;48;2;217;170;126m[38;2;206;155;110;48;2;163;133;103m[38;2;152;112;83;48;2;163;131;102m[38;2;131;97;72;48;2;160;132;105m[38;2;37;38;42;48;2;127;88;65m[38;2;132;102;76;48;2;36;37;41m[38;2;33;38;41;48;2;126;97;72m[38;2;32;34;38;48;2;101;79;63m[38;2;120;102;77;48;2;33;38;41m[38;2;120;104;85m[38;2;107;90;68;48;2;31;32;37m[38;2;32;38;42;48;2;31;37;41m[38;2;31;37;40;48;2;32;38;41m[38;2;33;38;42m[38;2;36;40;43m[38;2;34;39;42;48;2;31;37;41m[38;2;44;48;47;48;2;31;36;39m[38;2;36;39;44;48;2;70;61;57m[38;2;102;89;73;48;2;36;39;38m[38;2;37;40;42;48;2;47;46;46m[38;2;53;50;46;48;2;42;44;43m[38;2;45;46;45;48;2;41;44;44m[38;2;43;45;44;48;2;49;47;44m[38;2;49;47;45;48;2;43;44;46m[38;2;52;48;45;48;2;45;45;45m[38;2;49;47;45;48;2;55;48;46m⣄[38;2;58;49;45;48;2;57;49;46m[38;2;58;48;46;48;2;60;50;47m[38;2;55;47;45;48;2;61;49;46m[38;2;55;48;45;48;2;59;49;46m⡤[38;2;55;47;45;48;2;58;48;46m[48;2;57;48;45m⢤[38;2;54;47;45;48;2;57;47;45m[38;2;52;48;45;48;2;57;48;46m[38;2;54;50;47;48;2;50;45;46m[38;2;54;51;48;48;2;51;49;47m[38;2;51;49;47;48;2;52;45;45m[38;2;49;49;47;48;2;48;44;43m[38;2;47;45;44;48;2;43;44;44m[38;2;45;43;43;48;2;42;43;44m[38;2;40;41;43;48;2;41;42;44m[38;2;40;42;44m[38;2;41;41;43m[38;2;41;42;43;48;2;42;43;44m⣀[38;2;43;43;43;48;2;41;42;44m[38;2;42;43;43m[38;2;42;42;43;48;2;39;42;43m[38;2;43;42;41m[38;2;37;41;43;48;2;40;43;43m[38;2;36;40;43;48;2;41;42;44m⣀[38;2;33;40;44;48;2;43;43;45m[38;2;32;39;43;48;2;44;43;44m[38;2;45;44;42;48;2;32;39;43m[38;2;31;41;44;48;2;45;42;42m[38;2;44;42;44;48;2;32;38;42m[38;2;29;38;41;48;2;31;37;42m⣆[38;2;32;38;42;48;2;31;37;41m[0m
[38;2;132;116;91;48;2;128;111;90m[38;2;129;113;91;48;2;131;114;92m[38;2;128;110;88;48;2;133;115;91m[38;2;130;113;92;48;2;135;116;93m[38;2;133;115;92;48;2;137;119;95m[38;2;137;118;94;48;2;125;106;84m▏[38;2;124;105;82;48;2;128;109;86m[38;2;140;119;94;48;2;128;107;84m[38;2;140;118;94;48;2;128;106;84m⣀[38;2;143;119;94;48;2;131;108;85m[38;2;144;120;97;48;2;131;109;85m[38;2;137;113;88;48;2;146;120;97m[38;2;140;119;92;48;2;149;124;97m[38;2;142;119;92;48;2;152;127;98m[38;2;155;129;100;48;2;148;122;94m[38;2;157;128;100;48;2;149;123;96m[38;2;160;131;102;48;2;152;125;98m[38;2;154;117;88;48;2;165;134;105m[38;2;166;130;102;48;2;187;145;109m[38;2;180;139;107;48;2;204;151;109m[38;2;244;197;148;48;2;201;151;115m[38;2;249;202;154;48;2;198;152;109m[38;2;43;38;40;48;2;236;183;132m[38;2;36;37;39;48;2;231;167;123m[38;2;170;111;80;48;2;33;37;41m[38;2;33;38;41;48;2;139;100;73m[38;2;53;47;44;48;2;33;38;41m[38;2;28;31;36;48;2;32;37;40m[38;2;136;112;88;48;2;33;38;41m[38;2;131;109;88;48;2;32;37;40m[38;2;130;111;86;48;2;91;79;64m[38;2;119;102;81;48;2;129;108;83m[38;2;116;100;80;48;2;106;89;70m[38;2;83;72;60;48;2;31;37;41m▍[38;2;31;37;41;48;2;30;37;41m[38;2;39;41;44;48;2;32;38;41m⢀[38;2;37;41;42m[38;2;33;38;41;48;2;37;40;43m[38;2;38;40;42;48;2;32;38;41m[38;2;31;37;40m[38;2;64;58;54;48;2;36;39;43m[38;2;53;50;45;48;2;36;40;42m⠘[38;2;41;42;43;48;2;37;40;43m[38;2;38;42;43;48;2;40;43;44m[38;2;40;43;43;48;2;38;42;44m[38;2;38;42;43;48;2;40;43;44m[38;2;43;43;45;48;2;40;42;44m[38;2;44;44;43;48;2;41;43;44m[38;2;49;45;44;48;2;46;45;43m[38;2;55;47;45;48;2;59;48;45m[38;2;57;48;45;48;2;62;49;45m[38;2;63;49;46;48;2;57;47;45m[48;2;56;47;46m[38;2;62;49;46;48;2;57;47;45m[38;2;60;48;45;48;2;58;48;45m[38;2;61;49;45;48;2;58;47;46m[38;2;58;48;45;48;2;55;46;44m[38;2;57;47;44;48;2;51;46;45m[38;2;51;46;44;48;2;55;47;45m[38;2;66;59;55;48;2;51;46;43m[38;2;60;57;51;48;2;50;46;44m[38;2;51;50;48;48;2;47;43;42m⣤[38;2;51;46;43;48;2;44;42;43m⣄[38;2;47;44;43;48;2;42;42;43m[38;2;41;41;43;48;2;43;43;43m[38;2;42;43;43;48;2;40;41;43m⣤[38;2;40;41;43;48;2;42;43;42m[38;2;38;41;43;48;2;41;43;43m[38;2;37;41;42;48;2;40;43;43m[38;2;36;40;43;48;2;38;42;43m[38;2;37;41;43;48;2;34;40;43m[38;2;38;42;43m[38;2;34;39;42;48;2;32;38;41m[38;2;36;39;42;48;2;30;36;40m[38;2;38;38;41;48;2;30;37;41m[38;2;39;40;41;48;2;29;36;42m[48;2;28;36;42m[38;2;38;40;40;48;2;28;38;41m[38;2;28;37;41;48;2;28;37;40m[38;2;27;37;40m[0m
[38;2;111;98;81;48;2;126;110;88m[38;2;114;102;83m[38;2;129;112;90;48;2;125;108;88m[38;2;124;109;86;48;2;130;113;89m[38;2;126;108;87;48;2;131;113;89m[38;2;133;113;89;48;2;122;103;80m[38;2;129;109;88;48;2;136;116;92m[38;2;131;112;87;48;2;137;118;93m[38;2;131;112;89;48;2;139;117;92m[38;2;135;112;90;48;2;140;118;91m[38;2;138;115;91;48;2;143;118;93m[38;2;142;118;92;48;2;144;120;94m[38;2;148;122;97;48;2;144;118;93m[38;2;141;113;86;48;2;148;121;94m[38;2;131;102;80;48;2;148;122;94m[38;2;152;125;97;48;2;144;108;81m[38;2;164;131;98;48;2;155;110;78m[38;2;64;44;38;48;2;176;121;84m[38;2;36;33;36;48;2;202;139;91m⣀[38;2;217;152;103;48;2;32;37;40m[38;2;231;178;127m[38;2;173;109;74m[38;2;34;38;41;48;2;32;36;40m[38;2;149;121;91;48;2;32;36;39m[38;2;147;119;95;48;2;32;37;40m[38;2;140;109;83;48;2;31;36;40m[38;2;30;36;40;48;2;31;37;41m[38;2;26;30;33;48;2;30;36;39m[38;2;69;58;54;48;2;134;111;85m▏[38;2;105;89;73;48;2;125;103;81m[38;2;113;98;77;48;2;97;79;63m[38;2;72;68;54;48;2;114;95;72m[38;2;65;57;47;48;2;88;74;59m⣀[38;2;72;58;49;48;2;31;37;41m▍[38;2;30;37;41;48;2;33;38;42m[38;2;41;42;44;48;2;32;38;42m[38;2;41;43;46m[38;2;33;39;42;48;2;31;37;41m[38;2;31;38;41;48;2;30;39;42m[38;2;32;38;41;48;2;31;37;41m[38;2;53;50;47;48;2;34;39;43m[38;2;39;40;43;48;2;34;39;42m⢩[38;2;37;40;43;48;2;40;40;42m[38;2;38;41;42;48;2;40;41;43m[38;2;41;41;41;48;2;38;41;43m[38;2;39;40;42m[48;2;41;41;43m[38;2;43;42;42;48;2;45;43;43m[38;2;46;44;43;48;2;49;45;44m[38;2;47;45;44;48;2;52;46;43m[38;2;61;48;45;48;2;53;46;45m[38;2;63;50;44;48;2;55;47;46m⠉[38;2;62;49;46;48;2;58;47;45m[38;2;58;47;45;48;2;63;49;46m[38;2;62;48;46;48;2;57;46;45m[38;2;56;47;45;48;2;62;49;44m⠩[38;2;55;47;45;48;2;62;47;44m⠉[38;2;60;47;45;48;2;55;46;44m[38;2;62;46;44;48;2;57;47;44m[38;2;61;47;45;48;2;54;46;44m[38;2;58;52;48;48;2;56;46;44m[38;2;60;52;49;48;2;55;45;44m[38;2;57;45;42;48;2;52;44;44m[38;2;47;43;43;48;2;54;44;43m[38;2;42;42;42;48;2;50;43;41m[38;2;47;42;42;48;2;41;42;43m[38;2;38;40;43;48;2;40;41;43m[38;2;34;40;43;48;2;37;40;43m[38;2;38;41;42;48;2;36;39;42m[38;2;38;39;43;48;2;34;39;42m[38;2;33;39;42;48;2;36;39;43m[48;2;34;39;42m[38;2;32;38;41;48;2;33;39;42m[38;2;39;41;43;48;2;30;37;41m[38;2;42;40;43;48;2;30;36;40m[38;2;44;42;44;48;2;29;38;41m[38;2;41;41;43;48;2;28;36;42m[38;2;41;40;42;48;2;28;37;40m[38;2;29;37;41;48;2;27;37;40m[38;2;29;36;40m[0m
[38;2;121;107;86;48;2;115;102;82m[38;2;124;108;88;48;2;119;104;85m[38;2;119;104;83;48;2;124;109;88m[38;2;109;95;78;48;2;125;109;88m[38;2;123;106;83;48;2;128;109;85m[38;2;129;111;88;48;2;119;102;83m[38;2;114;100;78;48;2;130;111;88m[38;2;115;100;80;48;2;132;109;89m[38;2;117;98;79;48;2;133;112;90m[38;2;116;90;72;48;2;134;112;88m[38;2;116;85;70;48;2;137;114;89m[38;2;118;85;66;48;2;138;113;89m[38;2;105;76;62;48;2;129;100;77m[38;2;45;44;44;48;2;130;97;72m[38;2;31;37;41;48;2;131;93;70m[38;2;30;36;39;48;2;141;94;70m[38;2;30;36;40;48;2;159;98;65m[38;2;40;39;43;48;2;30;36;39m[38;2;30;36;39;48;2;31;37;40m[38;2;200;153;118;48;2;31;36;39m[38;2;172;130;100;48;2;31;37;40m[38;2;160;119;88;48;2;31;36;39m[38;2;51;49;44;48;2;168;129;98m[38;2;200;162;123;48;2;153;121;97m[38;2;152;123;94;48;2;167;126;94m[38;2;29;36;39;48;2;162;121;86m[38;2;28;37;40;48;2;29;36;40m[38;2;24;29;32;48;2;29;34;39m▕[38;2;83;69;59;48;2;133;108;82m▏[38;2;89;75;60;48;2;127;105;81m[38;2;100;82;65;48;2;50;47;44m[38;2;79;66;55;48;2;50;48;44m[38;2;32;38;41;48;2;81;64;53m[38;2;31;37;40;48;2;43;44;43m[48;2;31;37;41m[38;2;31;37;41;48;2;31;38;41m[38;2;32;38;42;48;2;31;37;41m[38;2;40;41;43;48;2;31;38;41m⣀[38;2;30;38;41;48;2;33;39;42m⢉[48;2;31;37;41ml[38;2;32;38;42;48;2;40;40;40m[38;2;36;39;43m[38;2;42;42;42;48;2;40;40;42m[38;2;42;41;42;48;2;41;41;42m[38;2;47;43;44;48;2;42;42;42m[38;2;45;45;44;48;2;43;43;43m[38;2;44;43;43;48;2;47;45;44m[38;2;45;44;44;48;2;48;45;45m[38;2;47;46;44;48;2;50;45;44m[38;2;50;46;44;48;2;53;46;44m[38;2;50;45;44;48;2;54;46;45m[38;2;50;46;44;48;2;54;47;45m[38;2;56;47;45m[48;2;53;47;47m[38;2;55;48;46;48;2;52;47;47m[38;2;53;47;47;48;2;59;47;45m[38;2;60;47;46;48;2;52;48;47m⠉[38;2;59;47;46;48;2;50;47;46m[38;2;50;46;44;48;2;61;46;45m[38;2;48;45;46;48;2;56;45;45m[38;2;50;46;44;48;2;55;45;43m⣀[38;2;48;44;43;48;2;54;45;43m[38;2;56;45;42;48;2;52;44;43m[38;2;48;43;42;48;2;52;44;42m[38;2;52;42;41;48;2;47;43;42m[38;2;48;43;42;48;2;43;41;42m[38;2;40;41;42;48;2;46;41;42m[38;2;40;40;42;48;2;45;41;42m[38;2;41;40;41;48;2;43;41;42m[38;2;40;40;41;48;2;39;40;42m[38;2;39;39;41;48;2;38;39;43m⣤[38;2;36;38;42;48;2;38;39;41m[38;2;34;39;42;48;2;33;38;41m[38;2;30;36;40;48;2;33;39;42m[38;2;37;40;41;48;2;29;37;40m[38;2;31;37;41;48;2;28;37;40m[38;2;31;37;40m[38;2;33;38;40m[38;2;29;38;41;48;2;27;36;40m[38;2;30;37;41;48;2;27;36;39m[0m
[38;2;107;94;78;48;2;117;103;83m⎺[38;2;117;103;84;48;2;111;100;81m[38;2;113;99;80;48;2;118;103;84m[38;2;114;100;81;48;2;120;105;82m⣒[38;2;99;80;66;48;2;118;102;83m[38;2;121;104;81;48;2;92;70;53m[38;2;85;69;57;48;2;116;94;76m[38;2;78;63;55;48;2;107;88;70m⣤[38;2;72;59;52;48;2;104;80;66m[38;2;30;37;41;48;2;72;67;55m[38;2;30;36;40;48;2;69;62;53m[48;2;91;63;50m[38;2;29;34;39;48;2;60;53;49m[38;2;29;36;40;48;2;30;36;40m⠦[38;2;30;36;40;48;2;29;37;40m[38;2;147;116;89;48;2;30;36;40m[38;2;145;115;88m[38;2;149;116;88;48;2;30;33;39m[38;2;33;37;37;48;2;153;118;86m[38;2;197;150;111;48;2;156;120;90m[38;2;191;139;97;48;2;151;115;88m[38;2;221;167;112;48;2;168;127;95m[38;2;155;120;90;48;2;199;141;106m[38;2;141;111;86;48;2;149;117;92m[38;2;181;141;109;48;2;141;115;88m[38;2;30;36;40;48;2;133;109;81m[48;2;29;36;40m[38;2;25;29;33;48;2;29;36;39m[38;2;131;104;77;48;2;49;47;44m[38;2;110;91;75;48;2;46;44;41m[38;2;51;48;45;48;2;31;37;40m[38;2;53;51;46m[38;2;39;42;43m[38;2;36;40;41;48;2;30;37;41m[38;2;30;37;41;48;2;30;36;40m[38;2;39;42;41;48;2;31;37;41m[38;2;38;40;42m[38;2;31;37;41;48;2;36;40;43m[48;2;31;37;41m [48;2;30;37;41m[48;2;38;38;41m[38;2;40;40;42;48;2;38;39;41m[38;2;38;39;41;48;2;40;40;42m⠄[38;2;39;40;42;48;2;41;41;41m[38;2;42;43;43;48;2;41;42;43m[38;2;43;44;44;48;2;43;43;43m[38;2;41;42;44;48;2;43;44;43m[38;2;46;44;45;48;2;44;44;44m[38;2;50;49;45;48;2;45;46;45m[38;2;51;49;47;48;2;48;47;45m[38;2;53;49;46;48;2;49;47;45m⎺[38;2;47;47;46;48;2;51;47;45m[38;2;51;47;44;48;2;53;48;45m⣒[38;2;51;48;46;48;2;53;49;46m[38;2;53;48;46;48;2;49;48;46m⠍[38;2;49;48;46;48;2;52;47;46m[38;2;51;48;46;48;2;49;48;46m[38;2;51;49;47;48;2;48;47;46m[38;2;47;46;46mZ[38;2;45;45;45;48;2;47;46;45m[38;2;47;46;45;48;2;45;45;45m[38;2;41;43;44m[38;2;43;44;46;48;2;46;45;45m[38;2;51;44;44;48;2;44;45;47m⠉[38;2;51;43;41;48;2;45;46;46m⠉[38;2;50;42;42;48;2;45;45;45m[38;2;49;42;42;48;2;46;46;46m[38;2;44;44;46;48;2;47;42;42m⣤[38;2;42;43;45;48;2;45;41;42m[38;2;41;42;44;48;2;42;41;41m[38;2;41;41;44;48;2;41;41;41m[38;2;46;42;44;48;2;40;41;42m[38;2;34;39;43;48;2;39;40;42m[38;2;40;40;42;48;2;37;39;42m┵[38;2;32;38;42;48;2;38;39;42m⣀[38;2;42;41;41;48;2;36;39;42m[38;2;43;41;43m[38;2;40;40;42;48;2;31;37;41m[38;2;31;38;41;48;2;29;37;41m⣀[38;2;32;38;41;48;2;30;36;40m[0m
[38;2;82;73;62;48;2;100;89;72m[38;2;93;83;69;48;2;72;65;55m[38;2;71;64;55;48;2;107;93;75m[38;2;88;77;63;48;2;69;59;51m⎺[38;2;34;41;43;48;2;70;59;50m[38;2;28;36;40;48;2;67;55;48m[48;2;80;62;52m[38;2;30;38;41;48;2;64;60;54m[38;2;35;38;41;48;2;29;36;40m[38;2;29;36;40;48;2;28;36;40m[38;2;29;34;39;48;2;29;36;40m[38;2;29;37;40m[38;2;29;36;39m[38;2;129;105;81m[38;2;31;36;39;48;2;135;108;84m[38;2;129;104;81;48;2;139;111;86m[38;2;137;109;84;48;2;147;116;86m[38;2;214;175;127;48;2;150;113;88m[38;2;143;112;86;48;2;155;120;89m[38;2;193;152;114;48;2;163;121;88m[38;2;213;163;118;48;2;166;116;85m[38;2;216;158;113;48;2;174;128;93m[38;2;172;120;85;48;2;210;164;118m[38;2;228;181;139;48;2;160;121;86m[38;2;60;54;55;48;2;141;116;88m[38;2;119;100;74;48;2;30;36;40m[38;2;31;36;40m_[38;2;30;36;40;48;2;29;34;37m[48;2;53;48;45m[38;2;130;110;84;48;2;30;36;40m[38;2;123;105;83;48;2;30;36;38m[38;2;106;90;73;48;2;71;62;49m[38;2;62;56;51;48;2;38;43;44m[38;2;37;40;44;48;2;30;37;41m[38;2;32;38;41;48;2;30;36;40m[38;2;31;37;41;48;2;39;42;44m[38;2;38;40;42;48;2;31;37;41m[38;2;29;38;41m⢌[38;2;31;37;41;48;2;30;37;41m[38;2;39;39;39;48;2;31;37;39m[38;2;40;40;40;48;2;41;40;41m[38;2;43;41;42m⣠[38;2;44;44;44;48;2;40;42;41m[38;2;51;51;48;48;2;44;45;45m[38;2;42;44;43;48;2;47;47;45m[38;2;49;49;46;48;2;43;45;45m[38;2;51;50;47;48;2;47;47;45m[48;2;57;55;48m[38;2;54;51;47;48;2;49;49;47m[38;2;56;54;49;48;2;50;50;46m[38;2;58;55;50;48;2;50;50;47m[38;2;48;49;47;48;2;51;50;48m[38;2;49;49;47;48;2;51;50;47m[38;2;48;48;46m[38;2;49;49;47;48;2;46;47;47m[38;2;45;46;45;48;2;49;48;46m[38;2;45;47;46;48;2;48;49;47m[38;2;44;45;46;48;2;47;47;47m[38;2;42;44;44;48;2;46;46;44m[38;2;41;44;44;48;2;45;46;44m[38;2;41;43;45;48;2;45;45;46m[38;2;41;44;46;48;2;44;45;46m[38;2;41;43;46;48;2;45;46;46m[38;2;45;45;46;48;2;43;44;47m⎺[38;2;45;46;47m⎺[38;2;46;46;46;48;2;43;44;46m⎺[38;2;42;44;46;48;2;44;46;46m[38;2;40;43;45;48;2;43;44;46m[38;2;39;42;44;48;2;41;42;45m[38;2;41;42;44;48;2;39;41;44m⠍[38;2;51;44;43;48;2;39;41;43m[38;2;38;39;43;48;2;30;37;41m[38;2;28;37;40;48;2;29;38;41m[38;2;31;38;42;48;2;27;37;40m⠩[38;2;32;38;42;48;2;28;37;40m⠉[38;2;31;37;41;48;2;27;37;40m[38;2;30;37;41;48;2;27;36;39m[38;2;29;38;41;48;2;27;36;40m[38;2;28;38;41;48;2;27;36;39m[0m
[38;2;27;34;41;48;2;49;49;46m[38;2;27;36;39;48;2;51;49;46m[38;2;28;37;40;48;2;54;53;50m[38;2;27;37;40;48;2;41;46;46m[38;2;27;36;39;48;2;28;37;40m⣠[38;2;29;36;40;48;2;27;36;39m⣨[38;2;29;34;39;48;2;29;36;40m[38;2;73;69;56;48;2;28;33;38m[38;2;103;88;69;48;2;29;36;40m[38;2;28;36;40;48;2;27;36;39m[38;2;28;36;39m[38;2;30;36;40m[38;2;27;36;39;48;2;29;34;39m⡅[38;2;130;102;78m[38;2;121;95;74;48;2;138;108;82m[38;2;233;187;147;48;2;137;108;83m[38;2;225;196;157;48;2;150;113;83m[38;2;181;133;90;48;2;145;112;82m[38;2;148;113;81;48;2;227;178;119m[38;2;249;218;180;48;2;188;140;100m[38;2;194;142;102;48;2;156;112;84m[38;2;65;51;45;48;2;185;134;100m⢀[38;2;215;155;108;48;2;67;52;50m[38;2;195;139;102;48;2;60;47;43m[38;2;62;49;43;48;2;40;39;39m[38;2;38;42;43;48;2;30;36;40m[38;2;27;37;40;48;2;29;36;40m[38;2;30;36;40;48;2;28;31;37m[38;2;52;49;47;48;2;121;100;78m[38;2;106;86;70;48;2;126;108;85m⣤[38;2;93;75;61;48;2;117;100;79m[38;2;94;81;66;48;2;60;53;48m[38;2;54;49;45;48;2;45;44;44m[38;2;40;42;43;48;2;31;38;43m[38;2;29;37;40;48;2;33;38;42m[38;2;29;38;40;48;2;32;38;42m[38;2;32;38;42;48;2;31;38;41m[38;2;30;37;41m[38;2;32;38;41;48;2;30;38;40m[38;2;31;37;40;48;2;31;37;41m([38;2;31;38;42;48;2;42;41;40m[38;2;33;39;42;48;2;40;40;42m[38;2;33;38;41;48;2;43;44;43m[38;2;46;46;45;48;2;36;40;42m[38;2;39;41;43;48;2;47;47;46m[38;2;43;44;43;48;2;49;49;47m[38;2;49;50;47;48;2;57;55;51m[38;2;57;56;50;48;2;59;58;52m[38;2;57;57;51;48;2;52;53;51m[38;2;56;56;51;48;2;52;51;50m⣅[38;2;57;57;50;48;2;52;51;48m[38;2;52;52;49;48;2;56;55;50m[38;2;54;53;49;48;2;51;51;49m[38;2;53;51;48;48;2;49;49;47m[38;2;48;49;47;48;2;52;51;49m[38;2;51;50;48;48;2;45;47;48m[38;2;49;49;47;48;2;44;46;46m[38;2;50;51;49;48;2;43;46;47m[38;2;46;47;46;48;2;44;46;46m[38;2;45;47;45;48;2;41;45;46m⣒[38;2;41;43;46;48;2;44;45;46m[38;2;44;46;45;48;2;41;44;45m[38;2;42;44;46;48;2;40;43;46m[48;2;40;42;45m[38;2;47;47;47;48;2;41;44;46m[38;2;38;42;45;48;2;44;45;47m[38;2;37;42;45;48;2;45;47;47m[38;2;37;41;44;48;2;45;48;46m[38;2;44;46;45;48;2;37;42;45m[38;2;37;41;42;48;2;41;42;45m[38;2;36;40;43;48;2;40;41;43m[38;2;38;39;43;48;2;33;39;42m[38;2;30;37;41;48;2;28;37;40m[38;2;27;36;40m[38;2;29;36;40;48;2;27;36;40m[38;2;27;36;40;48;2;27;36;39m[38;2;27;36;41m[38;2;27;36;39;48;2;29;37;40m[38;2;31;38;41;48;2;27;36;40m[0m
[?25h